name,ID,lat,lon,temp,humidity,Cloud Cover,Wind Speed,Date
Jamestown,5122534,42.1,-79.24,27.0,44,40,3.6,1592518071
New Norfolk,2155415,-42.78,147.06,3.89,87,100,0.97,1592518110
Ponta do Sol,2264557,32.67,-17.1,21.0,73,20,3.1,1592518335
Tura,1254046,25.52,90.22,23.5,99,100,1.88,1592518335
Cape Town,3369157,-33.93,18.42,17.22,44,0,1.5,1592518335
Romuli,668687,47.53,24.43,12.24,90,4,0.48,1592518335
Barranca,3946820,-10.75,-77.77,18.52,75,3,4.41,1592518335
Kapaa,5848280,22.08,-159.32,26.67,83,90,8.2,1592518336
Tiksi,2015306,71.69,128.87,11.18,74,100,1.11,1592518336
Kahului,5847411,20.89,-156.47,33.0,41,20,9.3,1592518336
Yulara,6355222,-25.24,130.99,6.0,45,0,0.5,1592518336
Mahébourg,934322,-20.41,57.7,21.0,83,75,6.2,1592518336
Klyuchi,1503153,52.27,79.17,13.1,86,100,3.11,1592518337
Port Elizabeth,964420,-33.92,25.57,10.0,87,0,1.0,1592518086
Punta Arenas,3874787,-53.15,-70.92,4.0,86,90,6.7,1592518337
Ushuaia,3833367,-54.8,-68.3,2.0,69,22,2.1,1592518337
Torbay,6167817,47.67,-52.73,20.0,63,90,6.2,1592518337
Ambon City,1651531,-3.7,128.18,26.67,94,75,1.5,1592518337
Port Alfred,964432,-33.59,26.89,16.85,53,0,5.55,1592518338
San Ignacio,3581194,17.16,-89.07,27.22,83,75,3.1,1592518338
Salalah,286621,17.02,54.09,28.0,94,40,1.0,1592518161
Paamiut,3421193,61.99,-49.67,4.23,83,56,7.32,1592518338
Porbandar,1259395,21.64,69.61,29.61,76,10,8.93,1592518338
Bluff,2206939,-46.6,168.33,3.89,83,0,1.34,1592518338
Vaitape,4033077,-16.52,-151.75,27.07,76,99,0.61,1592518338
Chimbote,3698304,-9.09,-78.58,18.95,75,6,4.02,1592518339
Rikitea,4030556,-23.12,-134.97,24.26,85,100,7.07,1592518339
Meulaboh,1214488,4.14,96.13,25.02,84,54,2.09,1592518339
Cabo San Lucas,3985710,22.89,-109.91,34.0,30,20,4.1,1592518280
Tuktoyaktuk,6170031,69.45,-133.04,6.0,87,40,3.6,1592518339
Goundam,2456917,16.41,-3.67,36.9,25,38,7.0,1592518339
Pieszyce,3089065,50.71,16.58,17.22,93,99,2.68,1592518340
Acapulco de Juárez,3533462,16.86,-99.89,31.0,66,20,3.6,1592518198
Pisco,3932145,-13.7,-76.22,19.0,77,75,6.2,1592518340
Yanam,1252795,16.73,82.22,26.0,83,100,3.48,1592518340
Mataura,6201424,-46.19,168.86,3.89,83,0,1.34,1592518340
Busselton,2075265,-33.65,115.33,3.33,98,46,1.46,1592518340
Thinadhoo,1337610,0.53,72.93,28.83,77,91,4.36,1592518340
Saint Paul Harbor,5866583,57.79,-152.41,11.0,81,1,5.7,1592518340
Angoche,1052944,-16.23,39.91,21.05,88,0,4.33,1592518341
Butaritari,2110227,3.07,172.79,28.51,60,99,0.67,1592518341
Hasaki,2112802,35.73,140.83,18.89,100,75,3.1,1592518341
Shimoda,1852357,34.67,138.95,15.0,95,100,0.89,1592518341
Weatherford,4740364,32.76,-97.8,33.89,58,23,2.24,1592518341
Arman',2127060,59.7,150.17,13.6,75,50,1.03,1592518341
Province of Mantua,3174050,45.17,10.78,19.44,71,59,0.89,1592518341
Korla,1529376,41.76,86.15,23.68,27,47,6.69,1592518342
Punta Arenas,3874787,-53.15,-70.92,4.0,86,90,6.7,1592518337
George Town,1735106,5.41,100.34,27.0,94,20,2.1,1592518342
Upernavik,3418910,72.79,-56.15,2.46,81,0,5.23,1592518342
Punta Arenas,3874787,-53.15,-70.92,4.0,86,90,6.7,1592518337
Hermanus,3366880,-34.42,19.23,10.56,79,0,0.89,1592518342
Tateyama,1850523,34.98,139.87,18.0,93,75,2.6,1592518342
Saint Anthony,5044290,45.02,-93.22,29.0,54,90,3.1,1592518161
Pangnirtung,6096551,66.15,-65.71,2.0,93,90,6.2,1592518343
New Norfolk,2155415,-42.78,147.06,3.89,87,100,0.97,1592518110
Hobart,2163355,-42.88,147.33,4.0,93,75,3.1,1592518048
Puerto Ayora,3652764,-0.74,-90.35,28.0,51,75,9.3,1592518343
Norman Wells,6089245,65.28,-126.83,26.0,31,75,5.7,1592518343
Sanghar,1166164,26.05,68.95,34.0,52,23,5.1,1592518323
Tomigusuku,1850108,26.18,127.67,28.0,94,75,8.2,1592518344
Dingle,1714733,11.0,122.67,23.82,95,100,4.0,1592518344
Cayenne,3382160,4.93,-52.33,27.0,83,40,2.1,1592518063
Vila Velha,3445026,-20.33,-40.29,22.0,83,3,1.77,1592518344
Verāval,1253237,20.9,70.37,29.5,76,23,7.33,1592518344
Alofi,4036284,-19.06,-169.92,24.0,64,40,8.2,1592518345
Chui,3443061,-33.7,-53.46,14.95,83,37,4.58,1592518345
Port Alfred,964432,-33.59,26.89,16.85,53,0,5.55,1592518338
Sitka,5557293,57.05,-135.33,12.0,93,90,2.6,1592518345
Ayna,3946962,-12.65,-73.92,19.64,68,95,0.95,1592518345
Airai,1651810,-8.93,125.41,14.97,100,78,2.15,1592518345
La Asuncion,3480908,11.03,-63.86,23.0,100,98,8.2,1592518345
Severo-Kuril'sk,2121385,50.68,156.12,6.38,84,81,3.73,1592518346
Codrington,2171099,-38.27,141.97,10.38,75,66,6.92,1592518346
Tomatlán,3981391,19.93,-105.25,32.93,36,0,4.71,1592518346
Kavaratti,1267390,10.57,72.64,29.12,79,99,7.62,1592518346
Kikwit,2314705,-5.04,18.82,21.1,43,98,0.79,1592518346
Esperance,2071860,-33.87,121.9,8.0,93,40,4.6,1592518346
San Quintín,3984997,30.48,-115.95,19.41,61,0,5.18,1592518347
Havelock,4470244,34.88,-76.9,26.11,68,25,1.79,1592518301
Kruisfontein,986717,-34.0,24.73,13.81,43,0,3.02,1592518347
Mar del Plata,3430863,-38.0,-57.56,12.22,87,40,3.6,1592518347
Buritis,3468732,-15.62,-46.42,20.26,62,0,1.67,1592518247
Cockburn Town,3576994,21.46,-71.14,30.0,66,40,6.2,1592518347
Punta Arenas,3874787,-53.15,-70.92,4.0,86,90,6.7,1592518337
Albany,5106841,42.6,-73.97,30.0,52,56,0.45,1592518348
Katsuura,2112309,35.13,140.3,18.0,93,75,2.6,1592518145
Narsaq,3421719,60.92,-46.05,7.0,73,75,5.7,1592518280
Tezonapa,3801225,18.61,-96.69,28.37,78,62,1.88,1592518348
Alugan,1731248,12.22,125.48,24.99,87,91,2.08,1592518348
Cape Town,3369157,-33.93,18.42,17.22,44,0,1.5,1592518335
Puerto Ayacucho,3629710,5.66,-67.62,28.0,78,40,4.1,1592518349
New Norfolk,2155415,-42.78,147.06,3.89,87,100,0.97,1592518110
Dikson,1507390,73.51,80.55,0.52,98,90,7.62,1592518349
Saint-Philippe,935215,-21.36,55.77,22.0,77,75,10.3,1592518350
Natal,3394023,-5.79,-35.21,23.0,94,75,5.7,1592518193
Puerto Ayora,3652764,-0.74,-90.35,28.0,51,75,9.3,1592518343
Kelo,2430506,9.31,15.81,26.97,68,86,1.99,1592518350
East London,1006984,-33.02,27.91,17.45,67,0,6.71,1592518309
Bam,141736,29.11,58.36,29.42,13,8,1.18,1592518350
Castro,3466704,-24.79,-50.01,14.48,94,100,2.0,1592518351
Leer,371466,8.3,30.14,21.99,87,100,1.06,1592518351
Harper,2276492,4.38,-7.72,25.79,78,100,5.14,1592518351
San Quintín,3984997,30.48,-115.95,19.41,61,0,5.18,1592518347
Vaini,4032243,-21.2,-175.2,24.0,78,20,5.1,1592518351
Porto Torres,3170069,40.84,8.4,18.0,82,0,2.1,1592518352
Lázaro Cárdenas,4026082,17.96,-102.2,30.01,62,40,5.71,1592518352
Plettenberg Bay,964712,-34.05,23.37,16.94,44,0,3.63,1592518344
Bethel,5282297,41.37,-73.41,25.56,73,75,3.6,1592518352
Aykhal,2027296,66.0,111.5,15.0,54,75,3.0,1592518352
Manta,3654410,-0.95,-80.73,27.0,74,75,5.7,1592518352
Labuhan,8079926,-6.88,112.21,24.83,88,6,3.43,1592518353
Atuona,4020109,-9.8,-139.03,26.8,75,13,5.31,1592518353
Ambunti,2100933,-4.24,142.84,25.16,88,6,0.14,1592518353
Bad Hersfeld,2953439,50.87,9.7,13.89,97,87,0.9,1592518353
Bintulu,1737486,3.17,113.03,25.0,100,75,1.5,1592518354
Port Alfred,964432,-33.59,26.89,16.85,53,0,5.55,1592518338
Saint-Augustin,6137462,51.23,-58.65,14.13,96,100,1.79,1592518195
Umm Kaddadah,364933,13.6,26.69,30.79,44,33,6.64,1592518319
Karratha,6620339,-20.74,116.85,20.66,57,0,2.73,1592518061
Mazatlán,3996322,23.22,-106.42,32.0,52,5,4.1,1592518188
Emmett,5592562,43.87,-116.5,23.33,35,0,2.68,1592518354
Sabha,2212775,27.04,14.43,25.46,18,0,1.07,1592518355
Pevek,2122090,69.7,170.31,5.15,70,23,4.03,1592518327
Norman Wells,6089245,65.28,-126.83,26.0,31,75,5.7,1592518343
Lorengau,2092164,-2.02,147.27,28.97,75,30,3.78,1592518355
Arraial do Cabo,3471451,-22.97,-42.03,23.0,78,13,6.2,1592518355
Cam Ranh,1586350,11.92,109.16,29.0,79,94,1.5,1592518355
Hambantota,1244926,6.12,81.12,26.0,100,75,3.1,1592518355
Cape Town,3369157,-33.93,18.42,17.22,44,0,1.5,1592518335
Constitución,3893726,-35.33,-72.42,12.91,90,100,12.13,1592518356
Lata,2738381,40.16,-8.33,16.11,85,0,1.4,1592518356
Bredasdorp,1015776,-34.53,20.04,7.0,93,0,2.27,1592518313
Cherskiy,2126199,68.75,161.3,23.42,30,0,3.76,1592518356
Yellowknife,6185377,62.46,-114.35,18.89,42,5,9.3,1592518356
Puerto Ayora,3652764,-0.74,-90.35,28.0,51,75,9.3,1592518343
Bonoua,2291087,5.27,-3.6,27.0,83,20,3.1,1592518357
Norman Wells,6089245,65.28,-126.83,26.0,31,75,5.7,1592518343
Grakhovo,559073,56.05,51.97,11.0,57,0,1.0,1592518357
Angoram,2100765,-4.06,144.07,24.44,95,49,0.97,1592518357
Qaanaaq,3831208,77.48,-69.36,1.45,86,0,0.9,1592518305
Moroto,229112,2.53,34.67,18.42,81,44,0.35,1592518357
Khatanga,2022572,71.97,102.5,11.66,57,66,4.94,1592518358
San Cristobal,3628473,7.77,-72.22,25.0,88,75,5.7,1592518063
Port Elizabeth,964420,-33.92,25.57,10.0,87,0,1.0,1592518086
Iqaluit,5983720,63.75,-68.51,6.0,60,75,8.2,1592518358
Hobyo,57000,5.35,48.53,26.1,74,82,12.02,1592518358
Sørland,3137469,67.67,12.69,8.88,84,0,10.06,1592518238
Nanortalik,3421765,60.14,-45.24,4.31,82,87,2.82,1592518359
Liverpool,2644210,53.41,-2.98,14.0,100,83,3.1,1592517846
Gumia,1270723,23.78,85.82,27.23,75,60,2.34,1592518359
Lavrentiya,4031637,65.58,-171.0,11.45,58,0,2.28,1592518359
Athens,264371,37.98,23.72,25.56,53,20,3.52,1592517782
Souillac,933995,-20.52,57.52,21.0,83,75,6.2,1592518359
Ancud,3899695,-41.87,-73.82,9.0,93,75,5.1,1592518359
Port Alfred,964432,-33.59,26.89,16.85,53,0,5.55,1592518338
Matara,1235846,5.95,80.54,26.77,88,80,4.03,1592518360
Faya,110690,18.39,42.45,24.0,43,98,1.04,1592518360
Vrangel',2013258,42.73,133.08,12.57,85,69,3.9,1592518360
Tasiilaq,3424607,65.61,-37.64,6.0,75,100,21.1,1592518360
Inta,1505579,66.03,60.17,2.41,81,55,4.14,1592518360
San Quintín,3984997,30.48,-115.95,19.41,61,0,5.18,1592518347
Kavieng,2094342,-2.57,150.8,28.51,71,21,1.72,1592518360
Chardara,1524889,41.25,67.97,20.83,34,0,2.27,1592518361
Hualmay,3939761,-11.1,-77.61,18.54,75,5,4.27,1592518361
Tuatapere,2180815,-46.13,167.68,3.89,83,17,1.34,1592518361
Avarua,4035715,-21.21,-159.78,24.0,64,73,4.6,1592518361
Nongpoh,1261208,25.9,91.88,23.19,97,100,0.52,1592518361
Ostrovnoy,556268,68.05,39.51,8.27,84,100,5.95,1592518361
Lagos,2332453,6.58,3.75,23.0,100,20,1.0,1592517721
Ţahţā,347634,26.77,31.5,29.0,30,0,4.6,1592518362
Namalenga,877670,-10.95,39.1,18.28,91,4,0.39,1592518362
Faanui,4034551,-16.48,-151.75,26.61,77,100,0.53,1592518362
Bo Rai,1611578,12.57,102.54,23.66,90,15,0.11,1592518362
Krasnosel'kup,1502073,65.7,82.47,6.36,61,100,7.53,1592518363
Santa Fe,3836277,-31.63,-60.7,13.89,86,57,0.67,1592518259
Port Alfred,964432,-33.59,26.89,16.85,53,0,5.55,1592518338
Kaniama,214389,-7.57,24.18,16.47,53,16,2.18,1592518363
Gondā City,1270996,27.13,81.93,28.09,80,99,6.23,1592518363
Ikalamavony,1064258,-21.15,46.58,10.81,76,3,3.05,1592518364
Zig,5053853,40.13,-92.77,29.0,54,1,6.7,1592518364
Bitung,1648636,1.45,125.18,24.0,94,20,0.5,1592518364
Touros,3386213,-5.2,-35.46,23.0,100,90,4.1,1592518364
Port Alfred,964432,-33.59,26.89,16.85,53,0,5.55,1592518338
Port Alfred,964432,-33.59,26.89,16.85,53,0,5.55,1592518338
Kununurra,2068110,-15.77,128.73,16.0,42,0,1.5,1592518364
Chokurdakh,2126123,70.63,147.92,26.07,34,68,2.31,1592518365
Tigil',2120612,57.8,158.67,11.77,84,99,1.53,1592518365
Howick,995202,-29.48,30.23,9.44,93,7,1.57,1592518365
New Norfolk,2155415,-42.78,147.06,3.89,87,100,0.97,1592518110
Saskylakh,2017155,71.92,114.08,20.96,49,10,3.48,1592518325
Carnarvon,2074865,-24.87,113.63,14.0,76,0,5.1,1592518365
Hithadhoo,1282256,-0.6,73.08,29.1,75,91,4.3,1592518365
Fortuna,5563839,40.6,-124.16,20.0,68,20,5.7,1592518366
Cabo San Lucas,3985710,22.89,-109.91,34.0,30,20,4.1,1592518280
Grand Gaube,934479,-20.01,57.66,21.11,78,98,2.68,1592518366
Buala,2109528,-8.14,159.59,28.68,73,7,2.22,1592518366
Hilo,5855927,19.73,-155.09,28.0,58,75,4.1,1592518366
Nautla,3522788,20.22,-96.78,29.87,67,10,4.73,1592518366
Chikhli,1274237,20.35,76.25,24.94,81,98,5.39,1592518367
Half Moon Bay,5354943,37.46,-122.43,33.33,77,1,4.1,1592518367
Hirara,1862505,24.8,125.28,29.0,83,75,8.7,1592518367
Mount Gambier,2156643,-37.83,140.77,11.0,71,41,6.7,1592518367
Skjervøy,777682,70.03,20.97,7.23,75,100,4.82,1592518355
Bandar-e Lengeh,141665,26.56,54.88,34.0,84,0,2.1,1592518367
Port Alfred,964432,-33.59,26.89,16.85,53,0,5.55,1592518338
Barrow,5880054,71.29,-156.79,8.0,65,1,3.6,1592518368
Arraial do Cabo,3471451,-22.97,-42.03,23.0,78,13,6.2,1592518355
Lompoc,5367788,34.64,-120.46,20.56,72,1,7.2,1592518368
Kaduna,2335727,10.52,7.44,24.19,76,86,3.35,1592518368
Juàzeirinho,3397175,-6.82,-38.05,26.37,64,77,3.73,1592518368
San Quintín,3984997,30.48,-115.95,19.41,61,0,5.18,1592518347
Punta Arenas,3874787,-53.15,-70.92,4.0,86,90,6.7,1592518337
Punta Arenas,3874787,-53.15,-70.92,4.0,86,90,6.7,1592518337
Kigorobya,231426,1.62,31.31,19.27,84,73,1.34,1592518369
Talakan,2015686,50.32,130.37,12.81,73,99,1.67,1592518369
Cabo San Lucas,3985710,22.89,-109.91,34.0,30,20,4.1,1592518280
Lakatoro,2136697,-16.1,167.42,27.0,69,88,4.81,1592518369
Kermen,730478,42.5,26.25,19.0,88,40,3.1,1592518329
Punta Arenas,3874787,-53.15,-70.92,4.0,86,90,6.7,1592518337
Nikolskoye,546105,59.7,30.79,19.0,77,75,1.0,1592518370
Prestea,2295840,5.43,-2.14,23.07,95,100,1.12,1592518370
Sioux Lookout,6148373,50.1,-91.92,22.0,88,90,2.1,1592518348
Ahipara,2194098,-35.17,173.17,12.74,72,21,4.98,1592518370
Cockburn Town,3576994,21.46,-71.14,30.0,66,40,6.2,1592518347
Opuwo,3354077,-18.06,13.84,13.9,45,0,3.61,1592518370
Mae Sai,1152194,20.43,99.88,24.44,100,75,2.6,1592518205
Ayr,2656708,55.46,-4.63,15.0,77,40,3.1,1592518106
Murchison,2186377,-41.8,172.33,9.53,78,90,0.65,1592518371
Santa Lucía,2511150,27.91,-15.54,23.0,64,20,7.7,1592518371
Rieti,3169412,42.41,12.86,17.78,93,5,1.5,1592518371
Saldanha,3361934,-33.01,17.94,12.0,66,0,2.1,1592518371
Bambous Virieux,1106677,-20.34,57.76,21.11,83,75,6.2,1592518371
Zhezkazgan,1516589,47.8,67.71,17.08,74,73,6.61,1592518372
Żnin,3080047,52.85,17.72,17.22,100,75,2.6,1592518372
Port Macquarie,2152659,-31.43,152.92,12.22,98,72,1.12,1592518167
Punta Arenas,3874787,-53.15,-70.92,4.0,86,90,6.7,1592518337
Lebu,3883457,-37.62,-73.65,12.48,88,100,6.42,1592518372
Morondava,1058381,-20.28,44.28,20.23,78,0,3.77,1592518372
San Patricio,3985168,19.22,-104.7,29.0,79,5,7.7,1592518372
Sault Ste. Marie,6141439,46.52,-84.33,29.0,35,1,4.1,1592518372
Dārayyā,170892,33.46,36.24,18.0,63,0,5.1,1592518373
Rio Brilhante,3451241,-21.8,-54.55,22.55,67,98,2.62,1592518373
Port Elizabeth,964420,-33.92,25.57,10.0,87,0,1.0,1592518086
Ribeira Grande,3372707,38.52,-28.7,18.0,88,75,2.6,1592518373
Puerto Ayora,3652764,-0.74,-90.35,28.0,51,75,9.3,1592518343
Barpathār,1276869,26.3,93.87,24.86,94,100,0.85,1592518373
New Norfolk,2155415,-42.78,147.06,3.89,87,100,0.97,1592518110
Norman Wells,6089245,65.28,-126.83,26.0,31,75,5.7,1592518343
Ambikāpur,1278827,23.12,83.2,25.33,77,66,1.76,1592518374
Beaverlodge,5896969,55.22,-119.44,22.0,37,20,1.5,1592518374
Puerto Ayora,3652764,-0.74,-90.35,28.0,51,75,9.3,1592518343
Viedma,3832899,-40.81,-63.0,12.94,42,99,7.17,1592518115
Progreso,3521108,21.28,-89.67,29.44,69,75,10.3,1592518375
Pacifica,5380420,37.61,-122.49,28.0,28,20,7.7,1592518375
Punta Arenas,3874787,-53.15,-70.92,4.0,86,90,6.7,1592518337
East London,1006984,-33.02,27.91,17.45,67,0,6.71,1592518309
Chimoio,1049261,-19.12,33.48,14.0,100,75,4.1,1592518375
Arraial do Cabo,3471451,-22.97,-42.03,23.0,78,13,6.2,1592518355
Mbandaka,2312895,0.05,18.26,22.0,64,7,1.12,1592518375
Ishigaki,1861416,24.34,124.16,29.0,89,75,7.2,1592518375
Clyde River,5924351,70.47,-68.59,1.0,86,90,4.6,1592518376
Tilichiki,2120591,60.47,166.1,16.23,59,25,1.17,1592518376
George Town,1735106,5.41,100.34,27.0,94,20,2.1,1592518376
Cape Town,3369157,-33.93,18.42,17.22,44,0,1.5,1592518335
Tekāri,1254797,24.93,84.83,26.0,100,75,1.33,1592518161
Broken Hill,2173911,-31.95,141.43,8.0,70,0,5.1,1592518376
East London,1006984,-33.02,27.91,17.45,67,0,6.71,1592518309
Jalu,86049,29.03,21.55,26.62,25,0,3.98,1592518376
Hong Kong,1819729,22.29,114.16,28.89,74,65,2.24,1592517773
Ribeira Grande,3372707,38.52,-28.7,18.0,88,75,2.6,1592518373
Mindelo,3374462,16.89,-24.98,25.0,83,20,18.5,1592518377
Mersing,1732826,2.43,103.84,24.0,94,80,1.5,1592518377
Panabá,3521972,21.28,-88.27,26.84,88,51,2.67,1592518377
Punta Arenas,3874787,-53.15,-70.92,4.0,86,90,6.7,1592518337
Okha,2122614,53.57,142.95,4.36,97,100,3.7,1592518377
Thompson,6165406,55.74,-97.86,4.0,100,90,8.2,1592517662
Vila Velha,3445026,-20.33,-40.29,22.0,83,3,1.77,1592518344
Grand Gaube,934479,-20.01,57.66,21.11,78,98,2.68,1592518366
Alexandria,361058,31.22,29.96,23.0,78,40,4.1,1592518168
Otse,933184,-25.02,25.73,4.0,80,0,1.5,1592518378
Zhangjiakou,2033196,40.81,114.88,17.84,63,22,1.2,1592518378
Bubaque,2374583,11.28,-15.83,27.52,84,16,6.89,1592518378
Talnakh,1490256,69.49,88.4,7.0,70,94,6.0,1592518379
Bambous Virieux,1106677,-20.34,57.76,21.11,83,75,6.2,1592518371
East London,1006984,-33.02,27.91,17.45,67,0,6.71,1592518309
Wenzhou,1791388,28.0,120.67,27.85,75,54,1.64,1592518178
Novobirilyussy,1508260,56.95,90.67,14.04,96,100,2.73,1592518379
Bengkulu,1649150,-3.8,102.27,24.0,89,99,2.04,1592518379
Arraial do Cabo,3471451,-22.97,-42.03,23.0,78,13,6.2,1592518355
Vila Franca do Campo,3372472,37.72,-25.43,18.0,77,75,3.1,1592518380
Ceatalchioi,664518,45.29,28.79,17.22,93,4,2.1,1592518380
Qingdao,1797929,36.1,120.37,20.0,100,20,1.0,1592518380
Sundargarh,1255437,22.12,84.03,28.1,72,96,3.26,1592518380
Blagoyevo,576093,63.37,47.92,10.57,70,96,2.47,1592518380
Ayamé,2292542,5.61,-3.16,22.92,95,100,1.65,1592518380
Mousthéni,735034,40.87,24.12,22.78,83,40,1.5,1592518380
Puerto Ayora,3652764,-0.74,-90.35,28.0,51,75,9.3,1592518343
Hanna,5970234,51.63,-111.9,15.0,52,43,1.34,1592518381
East London,1006984,-33.02,27.91,17.45,67,0,6.71,1592518309
Deer Lake,5937252,49.17,-57.43,18.0,82,90,2.1,1592517789
Adrar,2381972,20.5,-10.07,37.15,16,61,6.83,1592518381
Praia,3374333,14.92,-23.51,28.0,58,0,10.3,1592518381
Nāwa,1261647,27.02,75.0,33.0,47,6,10.64,1592518085
Mandurah,2067119,-32.55,115.7,8.89,99,33,3.53,1592518382
Tazovsky,1489853,67.47,78.7,2.84,77,0,5.02,1592518382
New Norfolk,2155415,-42.78,147.06,3.89,87,100,0.97,1592518110
Norman Wells,6089245,65.28,-126.83,26.0,31,75,5.7,1592518343
Murgab,1218612,37.5,61.97,23.0,35,0,3.1,1592518382
Zhigalovo,2012532,54.81,105.16,9.84,70,0,1.76,1592518382
Mar del Plata,3430863,-38.0,-57.56,12.22,87,40,3.6,1592518347
Bathsheba,3374083,13.22,-59.52,27.0,83,75,8.2,1592518294
Ghanzi,933759,-21.57,21.78,8.7,52,0,3.65,1592518383
Punta Arenas,3874787,-53.15,-70.92,4.0,86,90,6.7,1592518337
Port Macquarie,2152659,-31.43,152.92,12.22,98,72,1.12,1592518167
Ucluelet,6171633,48.93,-125.55,18.89,77,75,4.6,1592518129
Los Llanos de Aridane,2514651,28.66,-17.92,22.0,73,9,6.7,1592518383
Ribeira Grande,3372707,38.52,-28.7,18.0,88,75,2.6,1592518373
Vardø,777019,70.37,31.11,8.0,70,40,3.6,1592518383
Jalalpur Pirwala,1176358,29.51,71.22,36.83,32,31,8.8,1592518384
Puerto Ayora,3652764,-0.74,-90.35,28.0,51,75,9.3,1592518343
Broome,5110365,42.25,-75.83,21.11,93,90,3.1,1592518384
Hokitika,2206894,-42.72,170.97,10.75,62,76,3.31,1592518384
Beroroha,1066831,-21.67,45.17,17.05,60,0,3.13,1592518384
Mariehamn,3041732,60.1,19.93,12.0,100,1,0.5,1592518384
Kysyl-Syr,2021017,63.9,122.76,18.44,75,42,1.35,1592518384
Isangel,2136825,-19.55,169.27,23.0,78,46,1.5,1592518385
Kaitangata,2208248,-46.28,169.85,7.78,64,16,0.45,1592518385
Glace Bay,5961564,46.2,-59.96,30.0,35,75,9.8,1592518385
Cabo San Lucas,3985710,22.89,-109.91,34.0,30,20,4.1,1592518280
Palmerston,6301965,-12.49,130.98,22.78,68,62,4.1,1592518385
Punta Arenas,3874787,-53.15,-70.92,4.0,86,90,6.7,1592518337
Tuy Hoa,1563281,13.08,109.3,25.64,85,61,2.23,1592518386
Tutóia,3385899,-2.76,-42.27,25.99,81,5,2.69,1592518386
Pacific Grove,5380437,36.62,-121.92,26.0,34,1,3.1,1592518386
Pangoa,3933104,-12.12,-73.0,25.44,71,71,0.63,1592518374
Pudozh,504269,61.81,36.53,16.89,92,76,3.43,1592518386
Arraial do Cabo,3471451,-22.97,-42.03,23.0,78,13,6.2,1592518355
Tual,1623197,-5.67,132.75,27.18,83,83,10.24,1592518387
Ilulissat,3423146,69.22,-51.1,1.0,100,90,2.1,1592518387
Sarangani,1687186,5.4,125.46,29.05,74,100,5.4,1592518387
Mehamn,778707,71.04,27.85,6.0,87,75,7.7,1592518387
São Filipe,3374210,14.9,-24.5,26.82,63,0,6.06,1592518314
Punta Arenas,3874787,-53.15,-70.92,4.0,86,90,6.7,1592518337
Port Alfred,964432,-33.59,26.89,16.85,53,0,5.55,1592518338
Jalingo,2336589,8.88,11.37,23.56,90,100,1.74,1592518388
Cape Town,3369157,-33.93,18.42,17.22,44,0,1.5,1592518335
Port Lincoln,2063036,-34.73,135.87,13.74,85,70,8.45,1592518235
Chapais,5919850,49.78,-74.85,33.0,24,1,7.2,1592518150
Zwedru,2272491,6.07,-8.13,21.53,98,99,0.96,1592518388
Galle,1246294,6.04,80.22,27.57,85,78,4.83,1592518388
Inuvik,5983607,68.35,-133.72,17.0,55,40,3.1,1592518202
La Libertad,3655131,-2.23,-80.9,25.0,78,75,4.1,1592518388
Killybegs,2963295,54.63,-8.45,12.78,95,100,0.45,1592518389
Bandarbeyla,64814,9.49,50.81,26.77,72,70,13.73,1592518389
Punta Arenas,3874787,-53.15,-70.92,4.0,86,90,6.7,1592518337
Waipawa,2206874,-41.41,175.52,12.22,93,100,9.3,1592518389
Cabedelo,3404558,-6.98,-34.83,22.0,100,90,2.1,1592518389
Valdivia,3868707,-39.81,-73.25,14.0,82,75,4.6,1592518389
Port Alfred,964432,-33.59,26.89,16.85,53,0,5.55,1592518338
Clyde River,5924351,70.47,-68.59,1.0,86,90,4.6,1592518376
Gorom-Gorom,2360372,14.44,-0.24,32.79,40,96,7.86,1592518390
Neuquén,3843123,-38.95,-68.06,14.0,44,100,5.1,1592518390
Kampot,1831112,10.62,104.18,27.0,88,20,2.1,1592518390
Nizwá,286987,22.93,57.53,30.71,48,15,1.26,1592518390
Punta Arenas,3874787,-53.15,-70.92,4.0,86,90,6.7,1592518337
Baruun-Urt,2032614,46.68,113.28,18.9,58,82,5.14,1592518390
Mitú,3674676,1.2,-70.17,25.72,95,19,1.27,1592518200
Ust'-Shonosha,477958,61.15,41.34,12.84,74,42,2.85,1592518391
Ballina,2177069,-28.87,153.57,14.0,93,75,2.1,1592518391
Koprivnica,3197728,46.16,16.83,16.67,99,85,2.17,1592518391
Atambua,1651103,-9.11,124.89,22.37,89,97,2.65,1592518391
Arraial do Cabo,3471451,-22.97,-42.03,23.0,78,13,6.2,1592518355
Yerbogachën,2012956,61.28,108.01,14.32,62,92,0.82,1592518391
Cape Town,3369157,-33.93,18.42,17.22,44,0,1.5,1592518335
Ukiah,5404476,39.15,-123.21,36.11,15,1,2.6,1592518392
Sulangan,1685422,11.14,123.72,26.4,82,100,5.98,1592518392
Caravelas,3466980,-17.71,-39.25,22.07,91,7,3.26,1592518392
Cape Town,3369157,-33.93,18.42,17.22,44,0,1.5,1592518335
Noumea,2139521,-22.28,166.46,21.0,77,76,1.5,1592517611
Pekan,1734971,3.48,103.4,25.0,94,20,2.2,1592518392
Pingliang,1798760,35.54,106.69,18.35,52,100,1.92,1592518393
Santa Rosa,1687894,14.31,121.11,28.0,83,75,2.1,1592518393
Novoleushkovskaya,518643,46.0,39.99,21.67,71,65,3.79,1592518393
Cidreira,3466165,-30.18,-50.21,20.19,88,87,3.98,1592518393
Moose Factory,6078372,51.26,-80.61,33.0,33,1,7.2,1592518393
Kumluca,305681,36.37,30.29,23.42,60,0,1.17,1592518393
Aras,3129839,42.56,-2.36,16.0,72,65,2.6,1592518394
Arraial do Cabo,3471451,-22.97,-42.03,23.0,78,13,6.2,1592518355
Gravdal,3155152,68.12,13.5,8.22,82,8,8.24,1592518394
Geraldton,2070998,-28.77,114.6,10.0,87,0,4.6,1592518192
Taoudenni,2450173,22.68,-3.98,39.28,10,21,4.7,1592518394
Punta Arenas,3874787,-53.15,-70.92,4.0,86,90,6.7,1592518337
Gushikawa,1863495,26.35,127.87,28.0,88,20,8.2,1592518394
Punta Arenas,3874787,-53.15,-70.92,4.0,86,90,6.7,1592518337
Ribeira Brava,2263905,32.65,-17.07,21.0,73,20,3.1,1592518395
Punta Arenas,3874787,-53.15,-70.92,4.0,86,90,6.7,1592518337
Chuāri Khās,1273954,32.43,76.02,25.55,26,0,4.17,1592518395
Pochutla,3517970,15.74,-96.47,29.44,78,90,1.74,1592518395
Kashgar,1280849,39.45,75.98,19.0,29,20,4.0,1592518395
New Norfolk,2155415,-42.78,147.06,3.89,87,100,0.97,1592518110
Rio Negrinho,3451124,-26.25,-49.52,15.56,89,94,8.94,1592518396
Port Elizabeth,964420,-33.92,25.57,10.0,87,0,1.0,1592518086
Luanda,2240449,-8.84,13.23,23.0,88,75,2.1,1592518393
Yangi Marg`ilon,1513491,40.43,71.72,20.0,45,41,3.1,1592518396
Amarante do Maranhão,3407755,-5.57,-46.74,22.55,68,3,1.03,1592518396
Snyder,5530921,32.72,-100.92,33.0,38,1,5.1,1592518397
Port Alfred,964432,-33.59,26.89,16.85,53,0,5.55,1592518338
Rawson,3839307,-43.3,-65.1,13.4,48,96,7.34,1592518397
Aklavik,5882953,68.22,-135.01,16.0,67,40,2.6,1592518397
Longyearbyen,2729907,78.22,15.64,7.0,65,40,3.6,1592518397
Nemuro,2128975,43.32,145.57,12.45,94,96,2.54,1592518398
New Norfolk,2155415,-42.78,147.06,3.89,87,100,0.97,1592518110
Kyra,2021041,49.58,111.98,13.72,87,97,0.7,1592518398
Cullen,2651753,57.69,-2.82,13.0,87,98,5.1,1592518398
Brae,2654970,60.4,-1.35,11.0,93,86,4.6,1592518398
Mandalgovi,2030065,45.76,106.27,20.55,26,98,4.82,1592518243
Eyl,60019,7.98,49.82,27.53,66,30,11.78,1592518399
Cabo San Lucas,3985710,22.89,-109.91,34.0,30,20,4.1,1592518280
Florø,3156980,61.6,5.03,15.0,93,66,0.5,1592518399
Provideniya,4031574,64.38,-173.3,14.0,62,2,4.0,1592518399
Sidi Ali,2487130,36.1,0.42,21.13,64,0,2.13,1592518399
Namwala,901766,-15.75,26.44,9.94,64,0,1.86,1592518400
Mindif,2226641,10.4,14.44,28.46,57,81,2.58,1592518400
Sabang,1214026,5.89,95.32,28.25,74,78,4.15,1592518400
Grand Gaube,934479,-20.01,57.66,21.11,78,98,2.68,1592518366
Batagay,2027044,67.63,134.63,27.23,28,0,0.66,1592518400
Vestmanna,2610343,62.16,-7.17,9.0,100,94,3.1,1592518400
Punta Arenas,3874787,-53.15,-70.92,4.0,86,90,6.7,1592518337
Palmer,4946620,42.16,-72.33,29.0,51,40,4.1,1592518401
Esim,2303611,4.87,-2.24,25.17,84,100,3.03,1592518401
Kikerino,548763,59.47,29.63,19.0,77,75,1.0,1592518401
Fairbanks,5861897,64.84,-147.72,23.89,33,1,1.5,1592518401
Saint-Junien,6454825,45.88,0.9,12.78,93,20,2.6,1592518401
Abu Kamal,174448,34.45,40.92,26.9,28,0,7.74,1592518401
La Gomera,3594575,14.08,-91.05,31.0,70,75,5.1,1592518402
East London,1006984,-33.02,27.91,17.45,67,0,6.71,1592518309
Sutysky,692146,49.04,28.42,17.22,92,100,3.08,1592518402
Saint-Pierre,935214,-21.34,55.48,21.0,77,75,10.3,1592518315
Te Anau,2181625,-45.42,167.72,0.92,90,17,0.74,1592518402
Punta Arenas,3874787,-53.15,-70.92,4.0,86,90,6.7,1592518337
Srednekolymsk,2121025,67.45,153.68,29.18,19,18,2.45,1592518326
Mogadishu,53654,2.04,45.34,25.6,83,97,7.1,1592518161
Cabo San Lucas,3985710,22.89,-109.91,34.0,30,20,4.1,1592518280
Antofagasta,3899539,-23.65,-70.4,16.0,77,20,4.6,1592518403
Bousso,2434584,10.48,16.71,27.39,61,66,0.99,1592518403
Amparafaravola,1078446,-17.58,48.22,11.28,92,11,2.32,1592518146
Punta Arenas,3874787,-53.15,-70.92,4.0,86,90,6.7,1592518337
Myhove,701274,48.16,25.38,15.56,10,85,1.27,1592518403
Aberdeen,2657832,57.14,-2.1,12.22,87,90,2.1,1592518403
North Augusta,4589368,33.5,-81.97,28.0,48,20,2.1,1592518176
Arraial do Cabo,3471451,-22.97,-42.03,23.0,78,13,6.2,1592518355
Port Hawkesbury,6111867,45.62,-61.35,30.56,33,1,5.7,1592517973
Hvolsvollur,3415720,63.75,-20.22,9.44,82,53,4.02,1592518405
Cape Town,3369157,-33.93,18.42,17.22,44,0,1.5,1592518335
Ruidoso,5488598,33.33,-105.67,29.44,8,1,8.2,1592518406
Cape Town,3369157,-33.93,18.42,17.22,44,0,1.5,1592518335
Clyde,5150651,41.3,-82.98,27.22,54,75,1.34,1592518407
Markova,701802,48.68,24.41,14.27,89,80,1.48,1592518407
Healesville,2163701,-37.65,145.52,13.33,35,78,10.73,1592518407
Oktyabr'skiy,515879,54.48,53.47,8.01,80,0,2.04,1592518407
Boden,606531,65.83,21.69,16.0,100,17,2.1,1592518407
Oranjemund,3354071,-28.55,16.43,20.81,28,0,4.18,1592518407
São Félix do Xingu,3388847,-6.64,-51.99,24.34,68,51,1.81,1592518408
Zarubino,2012646,42.63,131.09,13.78,86,77,2.22,1592518408
Lindi,878281,-10.0,39.72,22.0,83,20,7.2,1592518408
Ağdam,148619,39.99,46.93,21.55,49,70,1.71,1592518408
Kungurtug,1501377,50.6,97.52,10.57,85,22,1.2,1592518408
Ixtapa,4004293,20.7,-105.2,30.0,51,5,6.2,1592518408
São Félix do Xingu,3388847,-6.64,-51.99,24.34,68,51,1.81,1592518408
Arraial do Cabo,3471451,-22.97,-42.03,23.0,78,13,6.2,1592518355
Saint George,5546220,37.1,-113.58,32.22,9,1,4.6,1592518317
New Norfolk,2155415,-42.78,147.06,3.89,87,100,0.97,1592518110
Fukuechō,1863997,32.69,128.84,23.01,91,99,8.52,1592518409
Matagami,6067747,49.75,-77.63,32.0,25,1,5.7,1592518332
Puerto Ayora,3652764,-0.74,-90.35,28.0,51,75,9.3,1592518343
São Filipe,3374210,14.9,-24.5,26.82,63,0,6.06,1592518314
Teberda,483873,43.45,41.74,13.68,64,100,2.56,1592518410
La Santisima Trinidad,3902377,-14.83,-64.9,31.0,58,40,3.1,1592518410
Klaksvík,2618795,62.23,-6.59,9.0,100,100,3.1,1592518410
Soyo,2236967,-6.13,12.37,23.01,90,64,2.79,1592518316
Phang Nga,1151464,8.45,98.53,25.0,100,75,1.5,1592518411
Verkhoyansk,2013465,67.54,133.38,26.53,27,0,0.12,1592518411
Vysokopillya,688689,47.49,33.53,20.0,64,23,3.0,1592518411
Ayan,2027316,56.45,138.17,7.18,89,70,0.91,1592518411
Port Alfred,964432,-33.59,26.89,16.85,53,0,5.55,1592518338
Pitimbu,3391889,-7.47,-34.81,22.0,100,90,2.1,1592518309
Chake Chake,160677,-5.25,39.77,25.02,79,6,6.53,1592518412
Zhuhai,1790437,22.28,113.57,29.0,88,20,5.1,1592518412
Mossamedes,3347019,-15.2,12.15,22.24,63,3,3.42,1592518412
Revda,502011,56.8,59.93,2.0,93,24,1.01,1592518412
Vynohradove,689531,46.37,32.94,19.03,86,55,3.8,1592518412
Nampula,1033356,-15.12,39.27,16.39,100,26,2.36,1592518412
Punta Arenas,3874787,-53.15,-70.92,4.0,86,90,6.7,1592518337
Nador,2541479,35.17,-2.93,23.0,53,10,3.6,1592518413
Boa Vista,3664980,2.82,-60.67,29.0,66,40,2.1,1592518413
Eureka,5563397,40.8,-124.16,18.33,87,1,2.6,1592518413
Port Hardy,6111862,50.7,-127.42,18.0,68,75,3.1,1592518413
Bambous Virieux,1106677,-20.34,57.76,21.11,83,75,6.2,1592518371
Buta,217570,2.79,24.73,21.72,89,100,1.18,1592518413
Neryungri,2019309,56.67,124.65,13.08,69,71,3.82,1592518413
Posse,3452599,-14.09,-46.37,19.86,58,0,3.0,1592518414
Husavik,2629833,66.04,-17.34,12.0,71,75,5.7,1592518278
Lüderitz,3355672,-26.65,15.16,22.0,30,0,3.6,1592518414
Turki,480267,51.99,43.27,17.09,94,15,3.61,1592518414
Vao,2137773,-22.67,167.48,22.11,79,78,6.36,1592518414
Camabatela,2242885,-8.19,15.38,16.16,42,0,1.86,1592518415
Paysandu,3441243,-32.32,-58.08,13.37,90,76,0.75,1592518379
Murdochville,6943820,48.96,-65.5,30.35,27,28,6.32,1592518415
Sawtell,2150163,-30.38,153.1,13.0,93,90,3.1,1592518415
Yatou,1786855,37.15,122.38,20.35,78,76,2.3,1592518415
Cradock,1012600,-32.16,25.62,9.14,51,0,2.69,1592518415
Batemans Bay,2176639,-35.72,150.18,4.44,100,8,2.49,1592518416
Jihlava,3074199,49.4,15.59,14.44,92,94,0.89,1592518416
Cape Town,3369157,-33.93,18.42,17.22,44,0,1.5,1592518335
Arraial do Cabo,3471451,-22.97,-42.03,23.0,78,13,6.2,1592518355
Menongue,3347353,-14.66,17.69,10.09,66,0,2.13,1592518416
Puerto Ayora,3652764,-0.74,-90.35,28.0,51,75,9.3,1592518343
Shimokizukuri,2129513,40.81,140.39,19.44,87,75,1.5,1592518416
Guerrero Negro,4021858,27.98,-114.06,22.61,50,1,7.66,1592518416
Punta Arenas,3874787,-53.15,-70.92,4.0,86,90,6.7,1592518337
Key West,4160812,24.56,-81.78,31.0,66,40,1.63,1592518269
Nome,5870133,64.5,-165.41,13.0,76,75,5.1,1592518417
Fairview,5097801,40.81,-74.0,26.11,69,20,2.6,1592518417
São José da Coroa Grande,3388456,-8.9,-35.15,25.33,83,20,5.14,1592518417
Ribeira Grande,3372707,38.52,-28.7,18.0,88,75,2.6,1592518373
Port Alfred,964432,-33.59,26.89,16.85,53,0,5.55,1592518338
Hofn,2630299,64.25,-15.21,9.59,86,0,1.27,1592518418
Fereydūnkenār,134602,36.69,52.52,25.0,78,0,1.0,1592518359
Lincoln,5072006,40.8,-96.67,24.0,78,75,5.7,1592518418
Zhenhaicun,1784648,24.26,118.09,28.0,83,100,3.0,1592518418
Krasnoarmiys'k,704422,48.28,37.18,19.87,51,99,3.58,1592518418
Grafton,4938048,42.21,-71.69,28.33,48,20,5.7,1592518418
Bardstown,4283133,37.81,-85.47,27.0,47,1,2.1,1592518176
Burnie,2173125,-41.07,145.92,10.0,91,100,1.79,1592518419
Mlimba,153384,-8.8,35.82,21.9,59,75,1.59,1592518419
Miyang,1800430,24.4,103.44,19.82,89,100,0.76,1592518419
Poum,2138555,-20.23,164.02,23.54,76,99,6.26,1592518419
Lagoa,3372964,39.05,-27.98,18.11,89,0,5.01,1592518295
Kargopol',552465,61.51,38.95,16.36,72,93,4.11,1592518420
Vila Velha,3445026,-20.33,-40.29,22.0,83,3,1.77,1592518344
Peleduy,2018069,59.63,112.74,12.2,85,82,1.84,1592518420
Ribeira Grande,3372707,38.52,-28.7,18.0,88,75,2.6,1592518373
Soe,1626703,-9.86,124.28,18.61,100,76,1.67,1592518420
Port Elizabeth,964420,-33.92,25.57,10.0,87,0,1.0,1592518086
San-Pédro,2282006,4.75,-6.64,24.83,89,100,3.48,1592518420
Nísia Floresta,3393922,-6.09,-35.21,23.0,94,75,5.7,1592518421
Baharly,162158,38.44,57.43,28.18,15,9,4.07,1592518421
Grindavik,3416888,63.84,-22.43,10.0,81,75,8.2,1592518421
Pokhara,1282898,28.23,83.98,22.68,85,100,0.71,1592518238
Zatoka,687557,46.07,30.47,21.0,83,42,1.0,1592518421
Buchanan,2278158,5.88,-10.05,26.0,94,75,2.6,1592518422
Collie,2074113,-33.37,116.15,3.33,98,0,0.57,1592518422
Port Alfred,964432,-33.59,26.89,16.85,53,0,5.55,1592518338
São João da Barra,3448903,-21.64,-41.05,22.0,78,42,4.1,1592518422
Maniitsoq,3421982,65.42,-52.9,4.74,80,0,7.35,1592518422
Muros,3115824,42.78,-9.06,13.89,82,0,0.45,1592518422
Beloha,1067565,-25.17,45.05,17.42,83,3,5.73,1592518422
Norman Wells,6089245,65.28,-126.83,26.0,31,75,5.7,1592518343
Punta Arenas,3874787,-53.15,-70.92,4.0,86,90,6.7,1592518337
Sélestat,6441356,48.26,7.46,16.0,82,76,2.6,1592518423
Vestmannaeyjar,3412093,63.44,-20.27,9.52,78,52,8.18,1592518351
New Norfolk,2155415,-42.78,147.06,3.89,87,100,0.97,1592518110
Fort Dodge,4857486,42.5,-94.17,31.0,48,75,5.1,1592518423
Calabozo,3647444,8.92,-67.43,25.62,90,100,1.15,1592518423
Cape Town,3369157,-33.93,18.42,17.22,44,0,1.5,1592518335
Ambanja,1083724,-13.68,48.45,21.3,71,30,1.52,1592518424
Nelson Bay,2155562,-32.72,152.15,10.0,100,75,3.1,1592518424
São Filipe,3374210,14.9,-24.5,26.82,63,0,6.06,1592518314
Ténenkou,2449938,14.46,-4.92,36.52,27,73,2.05,1592518424
Mateus Leme,3457484,-19.99,-44.43,19.0,68,20,4.1,1592518424
Cape Town,3369157,-33.93,18.42,17.22,44,0,1.5,1592518335
Mangai,2313084,-4.05,19.53,19.44,54,87,0.34,1592518425
Ginda,1253628,30.69,78.49,18.44,52,11,2.97,1592518425
Port Alfred,964432,-33.59,26.89,16.85,53,0,5.55,1592518338
Berlevåg,780687,70.86,29.09,6.0,87,75,7.7,1592518425
Saint George,5546220,37.1,-113.58,32.22,9,1,4.6,1592518317
Belmonte,3470137,-15.86,-38.88,22.0,94,75,2.1,1592518425
Rocha,3440777,-34.48,-54.33,13.81,78,90,4.61,1592518425
Lázaro Cárdenas,4026082,17.96,-102.2,30.01,62,40,5.71,1592518352
Laguna,5364271,38.42,-121.42,35.0,11,1,3.1,1592518426
Vinh,1562798,18.67,105.67,25.97,76,55,1.26,1592518426
Port Alfred,964432,-33.59,26.89,16.85,53,0,5.55,1592518338
New Norfolk,2155415,-42.78,147.06,3.89,87,100,0.97,1592518110
Loughborough,2643567,52.77,-1.2,13.0,87,1,2.1,1592518426
Punta Arenas,3874787,-53.15,-70.92,4.0,86,90,6.7,1592518337
Norman Wells,6089245,65.28,-126.83,26.0,31,75,5.7,1592518343
Arraial do Cabo,3471451,-22.97,-42.03,23.0,78,13,6.2,1592518355
Vila Franca do Campo,3372472,37.72,-25.43,18.0,77,75,3.1,1592518380
Port Alfred,964432,-33.59,26.89,16.85,53,0,5.55,1592518338
Punta Arenas,3874787,-53.15,-70.92,4.0,86,90,6.7,1592518337
Port Alfred,964432,-33.59,26.89,16.85,53,0,5.55,1592518338
Takoradze,2294915,4.88,-1.76,25.19,86,100,3.46,1592518427
Kovylkino,543436,54.04,43.91,13.3,84,4,3.42,1592518428
Pyaozerskiy,503581,65.83,31.17,13.31,95,99,3.53,1592518428
Pine Bluff,4126226,34.23,-92.0,31.0,35,20,2.6,1592518421
Bell Ville,3864331,-32.63,-62.69,15.0,48,73,0.89,1592518428
Arraial do Cabo,3471451,-22.97,-42.03,23.0,78,13,6.2,1592518355
Mountain Home,5601615,43.13,-115.69,23.0,27,20,1.5,1592518151
Porto Santo,8010683,33.07,-16.34,20.0,88,20,3.1,1592518428
Atasū,1526041,48.68,71.64,13.78,87,88,5.87,1592518428
Banepā,1283679,27.63,85.52,21.0,100,75,1.0,1592518429
Gangāpur,1271675,26.48,76.72,34.91,42,46,6.84,1592518429
Mar del Plata,3430863,-38.0,-57.56,12.22,87,40,3.6,1592518347
Mar del Plata,3430863,-38.0,-57.56,12.22,87,40,3.6,1592518347
Prince Rupert,6113406,54.32,-130.32,15.0,87,90,7.2,1592518429
Akita,2113126,39.72,140.12,19.0,88,75,3.1,1592518430
Nanhai,7696234,30.13,111.78,22.22,93,93,1.19,1592518430
Port Alfred,964432,-33.59,26.89,16.85,53,0,5.55,1592518338
Kumul,1529484,42.8,93.45,25.84,24,27,4.21,1592518430
Jamundí,3680387,3.26,-76.53,28.0,58,40,6.2,1592518430
Ponta do Sol,2264557,32.67,-17.1,21.0,73,20,3.1,1592518335
Paranaíba,3455065,-19.68,-51.19,21.98,62,80,2.21,1592518431
Mayumba,2399001,-3.43,10.66,22.65,87,96,1.74,1592518431
Brownsville,4676740,25.9,-97.5,32.0,62,75,7.7,1592518302
Kathu,1153035,7.92,98.33,24.0,100,75,1.5,1592518431
Tautira,4033557,-17.73,-149.15,27.78,78,75,1.5,1592518431
Cape Town,3369157,-33.93,18.42,17.22,44,0,1.5,1592518335
Kaoma,913323,-14.78,24.8,10.73,64,0,2.96,1592518431
Lethem,3379316,3.38,-59.8,26.43,86,75,0.99,1592518432
São Filipe,3374210,14.9,-24.5,26.82,63,0,6.06,1592518314
New Norfolk,2155415,-42.78,147.06,3.89,87,100,0.97,1592518110
Mar del Plata,3430863,-38.0,-57.56,12.22,87,40,3.6,1592518347
Imbituba,3461370,-28.24,-48.67,22.0,73,20,6.7,1592518432
Arrondissement de Verdun,2969963,49.25,5.33,12.78,90,10,1.9,1592518432
East London,1006984,-33.02,27.91,17.45,67,0,6.71,1592518309
Dukat,2125906,62.55,155.55,18.58,41,86,1.82,1592518432
Bambous Virieux,1106677,-20.34,57.76,21.11,83,75,6.2,1592518371
Copiapó,3893656,-27.37,-70.33,17.0,59,87,6.7,1592518297
Warrington,2634739,53.39,-2.58,14.44,100,68,3.1,1592518433
Bonavista,5905393,48.65,-53.11,13.04,77,100,2.37,1592518433
Punta Arenas,3874787,-53.15,-70.92,4.0,86,90,6.7,1592518337
Orlik,1496073,52.52,99.83,13.7,73,99,0.27,1592518433
East London,1006984,-33.02,27.91,17.45,67,0,6.71,1592518309
San Patricio,3985168,19.22,-104.7,29.0,79,5,7.7,1592518372
Huéscar,2516507,37.81,-2.54,19.44,84,58,1.97,1592518434
Nouadhibou,2377457,20.93,-17.03,22.0,78,0,7.2,1592518434
Omboué,2396853,-1.57,9.26,22.76,88,87,2.82,1592518434
Kondinskoye,1502697,59.65,67.41,3.83,73,27,3.82,1592518434
Forsytheganj,10722858,52.63,29.73,18.1,87,85,2.54,1592518434
San Cristobal,3628473,7.77,-72.22,25.0,88,75,5.7,1592518063
Erenhot,2037485,43.65,111.98,20.03,53,0,3.06,1592518435
Karabash,1504636,55.48,60.22,6.68,71,57,0.99,1592518435
Gimli,5961417,50.63,-96.99,17.22,79,99,0.89,1592518254
Port Alfred,964432,-33.59,26.89,16.85,53,0,5.55,1592518338
Acaraú,3408368,-2.89,-40.12,26.11,80,23,5.08,1592518435
Kushima,1895695,31.46,131.23,28.0,74,75,6.2,1592518435
Charlestown,2171766,-32.95,151.67,11.11,97,27,1.64,1592518436
Morón,3430545,-34.65,-58.62,16.11,77,70,2.67,1592518436
Rivers,6122707,50.03,-100.24,11.0,71,90,8.2,1592518436
Puerto Lempira,3603157,15.27,-83.77,32.0,66,40,4.1,1592518436
Straumen,3135728,63.87,11.3,18.0,72,0,1.0,1592518238
Savannah Bight,3601402,16.45,-85.85,28.19,79,52,10.7,1592518436
East London,1006984,-33.02,27.91,17.45,67,0,6.71,1592518309
Vila Velha,3445026,-20.33,-40.29,22.0,83,3,1.77,1592518344
Mae Sai,1152194,20.43,99.88,24.44,100,75,2.6,1592518205
Bibiani,2303060,6.46,-2.32,21.41,100,100,1.3,1592518437
Mar del Plata,3430863,-38.0,-57.56,12.22,87,40,3.6,1592518347
Bang Khla,1619498,13.72,101.21,28.89,100,75,2.1,1592518437
Altay,1529651,47.87,88.12,12.12,54,34,1.8,1592518438
Santiago del Estero,3835869,-27.8,-64.26,17.4,43,8,2.32,1592518405
Carauari,3664659,-4.88,-66.9,25.58,94,62,1.09,1592518321
Roebourne,2062276,-20.78,117.13,20.7,58,0,2.48,1592518438
Smoky Lake,6150293,54.12,-112.47,16.98,38,98,0.78,1592518438
Campos Belos,3467687,-13.04,-46.77,21.57,62,12,2.22,1592518438
Vila Franca do Campo,3372472,37.72,-25.43,18.0,77,75,3.1,1592518380
Abhā,110690,18.22,42.51,24.0,43,100,1.59,1592518439
São Filipe,3374210,14.9,-24.5,26.82,63,0,6.06,1592518314
Punta Arenas,3874787,-53.15,-70.92,4.0,86,90,6.7,1592518337
San Rafael del Sur,3616594,11.85,-86.44,33.0,55,40,6.2,1592518439
Muravlenko,1540711,63.79,74.52,2.95,77,0,5.06,1592518439
Cape Town,3369157,-33.93,18.42,17.22,44,0,1.5,1592518335
Fare,4034496,-16.7,-151.02,27.32,77,100,3.14,1592518439
Cape Town,3369157,-33.93,18.42,17.22,44,0,1.5,1592518335
College,5859699,64.86,-147.8,23.89,35,75,1.38,1592518440
Sur,286245,22.57,59.53,28.95,70,1,6.17,1592518440
Cape Town,3369157,-33.93,18.42,17.22,44,0,1.5,1592518335
Tabas,113659,33.6,56.92,36.0,11,0,2.1,1592518440
Santa Cruz de la Sierra,3904906,-17.8,-63.17,28.0,58,40,5.7,1592518345
Horconcitos,3702269,8.47,-81.8,24.46,76,97,1.26,1592518440
Kurumkan,2021188,54.3,110.3,12.19,47,0,1.07,1592518440
Cape Town,3369157,-33.93,18.42,17.22,44,0,1.5,1592518335
Honolulu,5856195,21.31,-157.86,33.0,54,40,9.3,1592518441
Sobolevo,525426,54.43,31.9,18.52,91,5,2.62,1592518441
Poconé,3453315,-16.26,-56.62,25.22,54,86,0.92,1592518441
Fayaoué,2141305,-20.65,166.53,23.11,79,100,8.82,1592518441
Ola,2122574,59.58,151.28,12.07,80,11,0.65,1592518441
São Fidélis,3449195,-21.65,-41.75,22.0,78,44,4.1,1592518442
San Fernando,1690039,15.03,120.69,26.0,88,40,2.1,1592518442
Bambous Virieux,1106677,-20.34,57.76,21.11,83,75,6.2,1592518371
Øksfjord,778362,70.24,22.35,9.0,66,100,10.8,1592518442
Kwang Binh,1582886,17.48,106.6,26.15,78,4,2.9,1592518442
Westport,4845585,41.14,-73.36,25.0,78,75,3.6,1592518181
Guerrero Negro,4021858,27.98,-114.06,22.61,50,1,7.66,1592518416
Nieuw Amsterdam,3383434,5.88,-55.08,26.11,83,40,2.6,1592518443
Port Alfred,964432,-33.59,26.89,16.85,53,0,5.55,1592518338
Casambalangan,1718214,18.38,122.13,27.24,83,18,3.32,1592518443
Osakarovka,1520327,50.56,72.57,9.92,79,100,3.05,1592518443
Bitlis Province,321022,38.5,42.25,13.26,43,26,2.89,1592518443
Assiniboia,5887798,49.63,-105.98,9.92,72,100,5.37,1592518443
Ponta do Sol,2264557,32.67,-17.1,21.0,73,20,3.1,1592518335
Daru,2098329,-9.08,143.21,25.65,83,100,7.48,1592518444
New Norfolk,2155415,-42.78,147.06,3.89,87,100,0.97,1592518110
